24 25 9 4 0 10 0 1 1 1
9 4 0 0 3 38 1 1 1 1
9 4 0 0 3 38 1 1 1 1
41 9 4 15 0 0 1 1 1 1
11 25 0 4 15 46 47 0 0 1
0 45 0 13 50 31 1 1 1 1
0 60 23 12 17 0 1 1 1 1
0 60 23 12 17 0 1 1 1 1
2 35 10 12 17 18 1 1 1 1
3 65 66 1 1 1 1 1 1 1
3 65 66 1 1 1 1 1 1 1
0 2 67 68 69 70 71 72 1 1
0 2 67 68 69 70 71 72 1 1
73 74 75 76 1 1 1 1 1 1
83 84 8 1 1 1 1 1 1 1
83 84 8 1 1 1 1 1 1 1
36 62 63 32 64 1 1 1 1 1
36 62 63 32 64 1 1 1 1 1
3 65 66 1 1 1 1 1 1 1
3 65 66 1 1 1 1 1 1 1
68 69 3 0 70 71 72 1 1 1
73 74 75 76 1 1 1 1 1 1
73 74 75 76 1 1 1 1 1 1
77 78 79 80 2 19 20 0 2 1
77 78 79 80 2 19 20 0 2 1
83 84 8 1 1 1 1 1 1 1
83 84 8 1 1 1 1 1 1 1
0 0 3 62 63 32 64 1 1 1
0 0 3 62 63 32 64 1 1 1
3 65 66 1 1 1 1 1 1 1
3 65 66 1 1 1 1 1 1 1
73 74 75 76 1 1 1 1 1 1
73 74 75 76 1 1 1 1 1 1
83 84 8 1 1 1 1 1 1 1
