152 42 74 50 51 35 195 1 1 1
43 154 0 156 37 1 1 1 1 1
154 43 0 37 1 1 1 1 1 1
0 64 164 1 1 1 1 1 1 1
29 66 7 0 18 74 0 93 1 1
51 0 1 1 1 1 1 1 1 1
155 0 9 159 67 1 1 1 1 1
0 119 77 26 78 98 1 1 1 1
0 38 35 77 78 79 1 1 1 1
0 122 123 1 1 1 1 1 1 1
170 0 124 125 126 103 127 128 1 1
130 131 132 1 1 1 1 1 1 1
81 134 0 39 171 0 1 1 1 1
15 135 0 1 1 1 1 1 1 1
101 0 121 100 102 1 1 1 1 1
122 0 123 1 1 1 1 1 1 1
125 103 0 0 127 126 128 1 1 1
129 130 131 132 1 1 1 1 1 1
5 30 19 133 0 39 31 0 0 1
5 19 30 0 39 31 0 0 1 1
81 134 0 39 31 0 1 1 1 1
135 0 1 1 1 1 1 1 1 1
0 122 123 1 1 1 1 1 1 1
130 131 132 1 1 1 1 1 1 1
15 135 0 1 1 1 1 1 1 1
0 122 123 1 1 1 1 1 1 1
170 0 125 103 126 127 128 1 1 1
129 130 131 132 1 1 1 1 1 1
5 19 30 0 133 39 31 0 0 1
15 135 0 1 1 1 1 1 1 1
0 122 123 1 1 1 1 1 1 1
170 0 0 125 103 127 126 128 1 1
129 130 132 1 1 1 1 1 1 1
5 19 30 133 0 39 31 0 0 1
81 134 0 39 31 0 1 1 1 1
15 135 0 1 1 1 1 1 1 1
0 104 60 136 0 18 172 173 67 1
175 24 46 0 0 25 1 1 1 1
9 34 178 179 0 12 137 1 1 1
23 0 75 0 22 34 167 96 1 1
12 24 0 184 137 25 1 1 1 1
46 24 184 0 0 25 1 1 1 1
107 0 115 186 0 27 1 1 1 1
182 163 93 1 1 1 1 1 1 1
46 24 178 0 0 94 98 1 1 1
37 0 0 119 26 21 25 1 1 1
32 32 140 0 1 1 1 1 1 1
83 0 84 1 1 1 1 1 1 1
85 14 0 1 1 1 1 1 1 1
14 0 1 1 1 1 1 1 1 1
32 140 32 0 1 1 1 1 1 1
83 84 1 1 1 1 1 1 1 1
14 0 85 1 1 1 1 1 1 1
70 188 40 1 1 1 1 1 1 1
140 32 32 0 1 1 1 1 1 1
83 0 84 1 1 1 1 1 1 1
0 84 1 1 1 1 1 1 1 1
14 85 0 1 1 1 1 1 1 1
70 40 1 1 1 1 1 1 1 1
32 140 32 0 1 1 1 1 1 1
0 84 1 1 1 1 1 1 1 1
14 0 1 1 1 1 1 1 1 1
70 40 188 1 1 1 1 1 1 1
188 40 1 1 1 1 1 1 1 1
3 0 6 1 1 1 1 1 1 1
3 0 1 1 1 1 1 1 1 1
3 0 1 1 1 1 1 1 1 1
32 140 32 0 1 1 1 1 1 1
70 188 40 1 1 1 1 1 1 1
0 104 60 136 18 172 173 67 1 1
108 0 21 138 0 1 1 1 1 1
80 0 167 10 0 62 26 138 64 1
0 83 84 5 1 1 1 1 1 1
14 85 0 1 1 1 1 1 1 1
0 0 3 190 37 165 36 0 1 1
0 83 84 5 1 1 1 1 1 1
14 0 85 1 1 1 1 1 1 1
83 0 84 5 1 1 1 1 1 1
85 14 0 1 1 1 1 1 1 1
3 190 47 0 1 1 1 1 1 1
95 4 0 1 1 1 1 1 1 1
92 54 0 0 191 69 22 18 1 1
15 15 0 1 1 1 1 1 1 1
0 15 1 1 1 1 1 1 1 1
19 5 0 1 1 1 1 1 1 1
19 0 1 1 1 1 1 1 1 1
19 5 0 1 1 1 1 1 1 1
5 19 0 1 1 1 1 1 1 1
5 19 30 72 0 146 1 1 1 1
14 19 171 0 1 1 1 1 1 1
5 30 72 0 146 1 1 1 1 1
5 19 30 72 0 146 1 1 1 1
5 19 30 72 0 146 1 1 1 1
5 19 30 0 72 146 1 1 1 1
15 0 15 1 1 1 1 1 1 1
0 0 3 190 37 63 143 1 1 1
87 109 104 60 0 18 172 173 67 1
10 0 56 26 0 64 1 1 1 1
10 23 0 109 0 114 0 143 13 1
20 41 0 1 1 1 1 1 1 1
41 20 22 148 0 59 149 0 0 1
20 41 148 88 0 1 1 1 1 1
0 111 0 33 194 47 58 1 1 1
